Tree: {1: 0.078849721706864564, 2: 0.078849721706864564, 3: 0.078849721706864564, 4: 0.07792207792207792, 5: 0.076994434137291276, 6: 0.073283858998144713, 7: 0.076994434137291276, 8: 0.075139146567718001, 9: 0.076066790352504632, 10: 0.076066790352504632, 11: 0.076066790352504632, 12: 0.076066790352504632, 13: 0.076066790352504632, 14: 0.076066790352504632, 15: 0.076066790352504632, 16: 0.075139146567718001, 17: 0.075139146567718001, 18: 0.074211502782931357, 19: 0.075139146567718001, 20: 0.073283858998144713}

AVA: {1: 0.31818181818181818, 2: 0.36085343228200373, 3: 0.37291280148423006, 4: 0.38497217068645639, 5: 0.38868274582560297, 6: 0.39703153988868273, 7: 0.40259740259740262, 8: 0.39517625231910947, 9: 0.40816326530612246, 10: 0.40259740259740262, 11: 0.38961038961038963, 12: 0.38868274582560297, 13: 0.38775510204081631, 14: 0.39053803339517623, 15: 0.38961038961038963, 16: 0.39146567717996289, 17: 0.39146567717996289, 18: 0.38868274582560297, 19: 0.38775510204081631, 20: 0.38497217068645639}

OVA: {1: 0.22356215213358072, 2: 0.25417439703153988, 3: 0.2569573283858998, 4: 0.2504638218923933, 5: 0.25974025974025972, 6: 0.25510204081632654, 7: 0.25139146567717996, 8: 0.24860853432282004, 9: 0.24675324675324675, 10: 0.24860853432282004, 11: 0.24953617810760667, 12: 0.25417439703153988, 13: 0.25417439703153988, 14: 0.25231910946196662, 15: 0.25324675324675322, 16: 0.26066790352504637, 17: 0.25788497217068646, 18: 0.25788497217068646, 19: 0.26159554730983303, 20: 0.26252319109461969}


